2,134217728,959350715
4,536870912,1703814205
8,268435456,2399276312
16,134217728,3987507350
32,536870912,3592670254
2,134217728,946974594
4,268435456,1599311581
8,134217728,2375991009
16,536870912,2041763453
32,268435456,8223447630
2,134217728,723123935
4,134217728,1576744171
8,134217728,1955289307
16,268435456,3680644989
32,268435456,7121030314
2,134217728,725463095
4,268435456,1486554482
8,268435456,2737842529
16,536870912,6088549763
32,536870912,5272369642
2,134217728,946009305
4,134217728,1784216768
8,268435456,2071388909
16,268435456,4350600583
32,268435456,7229793231
2,134217728,732081352
4,67108864,1188339432
8,536870912,2177624254
16,536870912,2480545932
32,536870912,5283439588
2,67108864,690976891
4,134217728,1130194638
8,268435456,2513300231
16,268435456,6546702118
32,536870912,5588374459
2,134217728,723864533
4,268435456,1598328268
8,268435456,2077573088
16,536870912,2048681848
32,536870912,3517060497
2,67108864,797002683
4,134217728,1776478668
8,268435456,3276433977
16,268435456,6306991126
32,536870912,6900978488
2,134217728,727876636
4,268435456,1266679497
8,536870912,1638214845
16,536870912,2486715102
32,268435456,8884178955

