2,33554432,1226873946
4,67108864,1348440428
8,67108864,2146234987
16,134217728,3941873923
2,67108864,687427544
4,134217728,1624817546
8,67108864,1950930837
16,134217728,3640957528
2,67108864,671092324
4,67108864,1156035652
8,134217728,2049012655
16,67108864,3456863333
2,67108864,759949308
4,67108864,1070727628
8,67108864,1858994646
16,268435456,6296187843
2,67108864,766553329
4,134217728,1261659962
8,67108864,1866905581
16,67108864,3537402636
2,67108864,673679130
4,67108864,1067294891
8,67108864,1863885101
16,67108864,3631260127
2,67108864,676106458
4,67108864,1070116099
8,67108864,1953085916
16,67108864,3702239342
2,67108864,762006067
4,67108864,1074761238
8,268435456,3372967843
16,67108864,3444955770
2,134217728,862942804
4,67108864,1160094665
8,67108864,1954453296
16,67108864,3628778882
2,33554432,852622931
4,67108864,1158563545
8,67108864,2213035158
16,67108864,3544080553
2,67108864,673289805
4,67108864,1072997824
8,67108864,2039469130
16,134217728,3464207373
2,67108864,686095518
4,67108864,1071004850
8,134217728,2231334205
16,134217728,3830516209
32,67108864,6735995259
2,67108864,675213476
4,134217728,1447451799
8,134217728,2240144404
16,67108864,3541820277
32,67108864,6717429874
2,67108864,759805095
4,67108864,1070198670
8,67108864,1862083709
16,134217728,5106053607
32,67108864,6971723006
2,67108864,851478759
4,134217728,1443910952
8,67108864,1954295467
16,67108864,3544438496
32,67108864,6813144285
2,67108864,673154780
4,67108864,1244176392
8,134217728,2958939313
16,134217728,4919020525
32,134217728,7740937787
2,67108864,675318489
4,67108864,1069629779
8,67108864,2043392617
16,67108864,3802800284
32,134217728,12105507438
2,67108864,672417337
4,67108864,1326031308
8,67108864,1954951876
16,67108864,3628964455
32,134217728,7300868790
2,67108864,893050371
4,67108864,1301576174
8,67108864,2316932459
16,67108864,4382178302
32,134217728,7898704397
2,16777216,785256697
4,67108864,1482304051
8,67108864,2210615381
16,67108864,4102238316
32,67108864,8074941701
2,16777216,777145951
4,67108864,1378331998
8,67108864,2413298598
16,134217728,5280413494
32,268435456,9610122496
2,67108864,685887574
4,67108864,1407180175
8,134217728,3252666082
16,67108864,4100490131
32,536870912,4688106999
2,16777216,746843128
4,67108864,1195551323
8,67108864,2397234944
16,536870912,2701954501
32,67108864,7933015882
2,67108864,763373047
4,67108864,1166772577
8,67108864,2750974222
16,67108864,5179312302
32,67108864,10156625195
2,67108864,999247305
4,67108864,1844550903
8,536870912,2034298846
16,67108864,5049813190
32,67108864,10003731573
2,67108864,1248283264
4,67108864,1733715409
8,67108864,2893404218
16,67108864,5249575706
32,536870912,11819165749
2,67108864,772841347
4,67108864,1064921830
8,67108864,1867101662
16,67108864,3621026406
32,134217728,8087235520
2,67108864,850142046
4,67108864,1505498597
8,67108864,1951390479
16,67108864,3707314701
32,67108864,6636378297
2,33554432,762692111
4,536870912,924745682
8,67108864,1956976158
16,67108864,3542889114
32,268435456,8142278810
2,67108864,851271196
4,67108864,1074764482
8,67108864,1872935424
16,67108864,3554826370
32,67108864,6628984628
2,67108864,761292200
4,67108864,1155675103
8,67108864,1958315251
16,268435456,5493423016
32,67108864,6630130765
2,67108864,694307692 
4,67108864,1070331075 
8,67108864,1862142069 
16,67108864,3442619208 
32,67108864,6632815040 
2,67108864,677367927 
4,67108864,1075100697 
8,67108864,1859816335 
16,67108864,3469332610 
32,67108864,6903772625 
2,16777216,646543171 
4,134217728,1269706596 
8,67108864,1862153890 
16,134217728,5291709428 
32,67108864,6640841963 
2,67108864,670586784 
4,67108864,1074439433 
8,67108864,1866940954 
16,67108864,3722273540 
32,67108864,6834358864 
2,67108864,672315117 
4,67108864,1076442687 
8,67108864,2212856090 
16,67108864,3887160729 
32,134217728,9557675923 
2,134217728,868285873 
4,67108864,1076185232 
8,67108864,1960468237 
16,67108864,3459451722 
32,536870912,4675553839 
2,67108864,760529751 
4,67108864,1070327276 
8,134217728,2602170396 
16,67108864,3458595451 
32,134217728,10628797787 
2,33554432,771668795 
4,67108864,1079794115 
8,67108864,2128718859 
16,67108864,3626369905 
32,134217728,9201069184 
2,67108864,765209327 
4,67108864,1154772882 
8,67108864,1954151065 
16,67108864,3546344314 
32,268435456,8678118474 
2,67108864,675397880 
4,67108864,1418135235 
8,67108864,2306163294 
16,67108864,3538212513 
32,67108864,6887312391 
2,67108864,685698061 
4,33554432,1351828130 
8,67108864,1957510029 
16,67108864,3460741398 
32,67108864,6642500996 
2,67108864,677344016 
4,67108864,1158133606 
8,67108864,1867731416 
16,67108864,3463842462 
32,134217728,9210699751 
2,67108864,761533868 
4,67108864,1331967178 
8,67108864,2035763684 
16,67108864,3630568453 
32,268435456,13089897826 
2,67108864,757469101 
4,67108864,1074822976 
8,67108864,1871268173 
16,134217728,6015054783 
32,536870912,6411602375 
2,67108864,679162900 
4,67108864,1072987351 
8,67108864,2215154636 
16,268435456,7695281979 
32,67108864,6645943589 
2,16777216,648953968 
4,67108864,1246550868 
8,67108864,2131680701 
16,67108864,3460400014 
32,67108864,6620324017 
2,33554432,842716065 
4,67108864,1160617382 
8,67108864,1865442532 
16,67108864,3534500860 
32,67108864,6637824633 
2,67108864,671126757 
4,67108864,1069371057 
8,67108864,1860247735 
16,67108864,3454192619 
32,67108864,6800850481 
2,67108864,759723096 
4,67108864,1244547089 
8,67108864,1866367554 
16,67108864,3633248400 
32,134217728,11749703834 
2,67108864,679000844 
4,67108864,1414695409 
8,67108864,1952207813 
16,67108864,3457093542 
32,134217728,9026523780 
