0,29983554,2980263,2619341,13702570,876254,5145987,756075,668106,24517380,3411091,Success,
1,30258274,2499014,2032585,8032048,753617,5109159,785414,678749,20439318,2496627,Success,
2,30763924,2445574,2084395,7850557,604278,5040159,750429,671445,17879582,2394489,Success,
3,30494286,2419518,1983294,7636164,633038,5091045,774761,662152,17658088,2627612,Success,
4,30125340,2321907,1969123,8049838,620704,5022576,743960,657161,17876368,2367730,Success,
5,30279097,2442170,2014910,7826314,672249,5072698,717162,651758,17849069,2403643,Success,
6,30236693,2379836,1955352,8265113,711662,5080007,739434,645086,18292249,2321537,Success,
7,30281741,2405298,1961086,7891302,675292,5005414,717740,650905,19015830,2426810,Success,
8,30731534,2507609,2058537,7520590,625971,4927570,753999,658210,17663740,2352899,Success,
9,30347170,2348981,1970079,7615213,644237,5151386,806385,667242,18353265,2365453,Success,
10,30211710,2423624,1967766,8053293,615976,5122129,717734,650367,17815030,2379009,Success,
11,30743441,2437457,1993939,7548144,621321,5078928,782454,666695,17835079,2378741,Success,
12,30213486,2378368,1963256,8128224,647861,5044285,719444,648104,17750411,2345372,Success,
13,30335454,2340209,1964843,7790726,634920,5252931,769806,671759,18929807,2386262,Success,
14,30236526,2438899,1978914,7893707,645406,5026370,734943,649678,18105071,2388811,Success,
15,30950966,2453788,2024534,7866759,632441,4984312,762295,656424,18417291,2408967,Success,
16,30800963,2465535,2048749,7635633,685783,5131934,806066,668790,17144133,2652064,Success,
17,30055182,2363036,1961941,7536309,609937,4957878,747182,654201,17831397,2424371,Success,
18,30561907,2448506,2015068,7626492,636347,5089351,793959,661675,18706182,2519707,Success,
19,30342545,2387237,1961502,7813534,621756,5167375,771055,667586,17258597,2595106,Success,
20,30760149,2389392,2011676,7628084,625308,4974912,755453,654645,18015297,2381226,Success,
21,30642184,2436115,2007502,7568130,651805,5015239,787113,661624,17358931,2452531,Success,
22,30124112,2444831,2015213,7600466,628714,4933071,752236,655188,17934305,2374081,Success,
23,30764809,2469488,2017393,7777773,644771,5011152,753599,659035,18393117,2557189,Success,
24,30461050,2396607,1967647,7982858,654583,5178897,804265,668652,17921621,2386692,Success,
25,30376620,2349230,1966895,7918072,592729,5153858,716111,655718,17745113,2552405,Success,
26,30894548,2531559,2041816,7813443,624950,4965029,771919,661537,18441081,2321453,Success,
27,30741780,2462273,2003377,7790395,655105,5075045,769899,645850,17677540,2351240,Success,
28,32120701,2437101,2033167,7706365,638767,5094154,819220,668933,18283502,2371402,Success,
29,30736555,2451993,2003601,7679095,682694,5071695,769447,644904,18300632,2625793,Success,
30,30325091,2469571,1954983,8195458,668397,5067261,758472,659836,17685091,2442904,Success,
31,30342908,2527533,1975893,8291065,683762,5096654,777157,656676,18379495,2618525,Success,
32,30325717,2361671,1969271,7963989,614601,5107605,725493,651563,18329103,2386287,Success,
33,30624449,2514871,2043538,7448727,594174,4928801,744835,656193,18650056,2422796,Success,
34,30908868,2561095,2040027,7731356,637108,4963100,771972,660706,18364426,2577208,Success,
35,30391689,2321812,1976160,7955774,645675,5157221,817316,669382,17626303,2363321,Success,
36,30393967,2380401,1968991,7819952,572520,5090285,784102,668531,18595957,2365538,Success,
37,30619447,2480783,2017759,7478134,651918,5078247,786423,671155,17064952,2527264,Success,
38,30845246,2438063,2060963,8024270,680928,4853302,737343,658467,17587352,2499475,Success,
39,31093734,2488219,2059129,8207721,719518,4922614,774128,653554,17433272,2470090,Success,
40,30313280,2405399,1966375,7686424,582159,4963446,741276,660268,18001976,2540031,Success,
41,30305735,2433379,1962712,8360785,707870,5141293,720433,649096,18047448,2450610,Success,
42,30589546,2437934,2019283,7390879,640186,4926044,751106,655074,17956023,2370645,Success,
43,30705140,2400506,2027505,7633439,666812,5118749,801755,659305,17221588,2420409,Success,
44,30484352,2463873,2038783,7899978,677572,4933764,761198,654932,17988016,2413960,Success,
45,30390409,2458670,1975014,7600715,579269,4984598,751237,655876,18015483,2425798,Success,
46,30303438,2432741,1964026,8030163,664242,5073807,715889,648980,18116719,2447098,Success,
47,30980005,2513211,2026465,7582095,627620,5150636,812354,665089,18237831,2534088,Success,
48,30340104,2401921,1997418,8069597,662217,5063721,727518,652751,17582157,2407410,Success,
49,31021070,2419642,2024481,7694329,605915,5122521,815824,665927,17745358,2385105,Success,
50,30488703,2393867,1964351,7987662,602611,5200525,773909,668833,17648731,2340178,Success,
51,30897404,2524359,2073223,7649557,679451,4972549,777287,657497,17631104,2397584,Success,
52,30367336,2357262,1966355,7774240,631768,5190664,784466,672353,18009644,2466260,Success,
53,30340975,2444748,1978199,8045093,658419,5063180,725102,656405,17726363,2610745,Success,
54,31000618,2380570,2022005,7685428,662793,5097820,786570,662791,17917883,2652632,Success,
55,31048915,2642451,2015419,7991647,652589,5173624,717057,649874,17661226,2518166,Success,
56,31647859,2374728,1991978,7609314,657140,5106405,779903,673237,17393556,2610180,Success,
57,30774060,2475125,2069661,7895033,664728,5124050,763250,650800,18492371,2499157,Success,
58,30296091,2435366,2008778,8126718,692544,5007973,777206,683011,17490529,2416821,Success,
59,31015880,2360158,2025355,7668355,656701,5136424,728210,657480,19529235,2565544,Success,
60,30380683,2434777,1966151,7890583,635940,5199422,783910,669680,17846053,2355758,Success,
61,30347427,2375777,1966454,7839161,666358,5215630,768359,668899,19434332,2397334,Success,
62,30833602,2366304,2022013,7904868,694083,4953677,784541,658996,18171393,2582242,Success,
63,30831225,2366654,1997928,7702947,652921,5074011,784874,668643,17838084,2652089,Success,
64,30275986,2554614,2043400,7928706,694030,5011537,747484,651449,17957137,2627532,Success,
65,30317724,2552488,1963283,8085353,660807,5048732,781339,682490,18610796,2428045,Success,
66,31039112,2420984,2022636,7747681,614008,5150057,811099,666142,17893685,2362203,Success,
67,30288428,2432282,1999094,7900153,649073,5047220,737057,656389,18851256,2448980,Success,
68,30456649,2390449,1968798,7885244,635979,4976486,730079,655485,17897880,2371124,Success,
69,31052396,2470656,2057747,7454501,676894,5112045,793963,654755,17391183,2633749,Success,
70,30749074,2557552,2002646,7591872,654161,5085154,782346,661767,17888849,2452487,Success,
71,30250577,2502674,2009744,8029556,701462,5052938,774869,681126,18623516,2435573,Success,
72,30894489,2378823,2017912,7664968,586271,4930696,748308,656136,17400743,2431380,Success,
73,30776582,2538046,2044040,7593016,646033,4893992,782658,657772,18747726,2463674,Success,
74,30593735,2478146,2012091,7539704,698176,5034368,809787,661880,17539581,2541229,Success,
75,30333932,2436925,2057056,8025452,694735,5016947,758066,659762,17458175,2439431,Success,
76,30366665,2355524,1974060,7513611,651715,4944326,784215,655784,17774216,2571993,Success,
77,30429716,2457273,1977649,7556322,612744,4893684,737548,655091,17927086,2415888,Success,
78,30968228,2468252,2034476,7661917,662184,5022598,753444,656048,18607548,2366183,Success,
79,30371382,2363930,1967474,7857676,603750,4993447,739069,657252,18142885,2403455,Success,
80,30880806,2383116,2016201,7631369,628200,4961915,752759,660308,18112612,2385060,Success,
81,30723538,2492493,2012209,7577007,648470,5071579,793684,661303,17932495,2628517,Success,
82,30299859,2392883,2006080,7949622,675521,5075251,781689,646560,17900099,2430742,Success,
83,31034159,2375374,2037619,7763750,678682,5220188,798335,668595,17995466,2359035,Success,
84,32056807,2465870,2022354,7728094,729453,4882982,745833,648467,18148148,2462831,Success,
85,30597109,2367933,2019837,7460388,682872,5071709,795858,681773,17828737,2411722,Success,
86,30978083,2513027,2053515,7835059,606513,5015870,714975,656534,17739512,2458687,Success,
87,30947778,2472895,2028294,7804462,658958,5113883,819516,659385,18289779,2557132,Success,
88,30268164,2337136,1965423,7623825,605605,5187366,780091,669298,17853892,2259143,Success,
89,30762842,2381969,2038075,7605832,672813,4920387,773552,657429,18014272,2358630,Success,
90,30394191,2436258,2003723,7887962,657315,5111614,723658,653451,17949048,2516936,Success,
91,30467520,2347090,1971990,8359936,710465,5113943,740941,653922,20276919,2435118,Success,
92,30913332,2473735,2026479,7638163,666229,5158476,794550,671762,17819205,2289478,Success,
93,30303843,2430998,1975827,7717882,697711,5064984,785110,667522,17858249,2390471,Success,
94,30782673,2415212,2053122,8039657,745174,5048828,761690,691848,18149268,2517370,Success,
95,30119341,2438166,1977396,7558124,612184,5105450,798257,657317,19936801,2429867,Success,
96,30429783,2358716,1989495,7531206,649129,4979833,763693,655604,17792931,2368140,Success,
97,30319458,2327080,1972119,7696631,652753,5225327,812684,674815,18054330,2338149,Success,
98,30904062,2390763,2019266,7529892,681437,5009126,767730,650115,17985547,2430123,Success,
99,30278814,2419186,1961724,7788275,623631,5182783,773542,672192,18229395,2380031,Success,
