0,30582946,2476943,1985418,14166767,880765,751971,3215806,661062,26703763,3438052,Success,
1,30699186,2415113,2008595,8034475,639929,827860,3208887,686876,19146673,2432692,Success,
2,30907525,2443341,2058996,7656574,694355,805972,3199697,674820,18594045,2584295,Success,
3,30242355,2359736,1983062,7583738,634014,798800,3161345,672853,18211695,2348316,Success,
4,30394576,2434691,2274476,8271215,606346,797649,3203840,686433,17739902,2508534,Success,
5,30334104,2380477,1974298,8002094,703695,817049,3271844,678062,17971399,2589482,Success,
6,31000468,2446435,2035661,7672968,570276,789454,3163548,665039,19060517,2494355,Success,
7,30376117,2431916,1988341,8108271,662234,745991,3243688,671036,18979043,2436570,Success,
8,31062243,2413688,2029705,7780206,661657,754157,3238814,683851,17864255,2372853,Success,
9,30626754,2382577,2075593,7724088,685420,733501,3103683,664438,17539433,2363924,Success,
10,30353203,2425879,1986911,7723811,635117,730789,3279897,650271,17950071,2392057,Success,
11,30450435,2361228,1979858,8007784,650073,765637,3200092,679330,18841005,2403292,Success,
12,30400956,2432005,1973395,8236576,677507,738370,3222370,683391,18237755,2522607,Success,
13,30908512,2503005,2092330,7952167,611588,762926,3170565,659715,18386960,2566158,Success,
14,30967370,2499940,2086890,7533741,630615,744816,3251832,690997,18292426,2361912,Success,
15,30333030,2352156,1985674,7849235,611910,913443,3217080,699112,17842736,2379912,Success,
16,30415678,2405855,1977100,8073747,656842,745932,3221960,649436,18220220,2431596,Success,
17,31153865,2372656,2034638,7804045,582465,806915,3256123,683964,18193362,2409261,Success,
18,30941568,2469047,2049407,7682561,627793,739484,3169405,672285,18617579,2361496,Success,
19,30744906,2403146,2056311,7561833,654144,815976,3109978,674878,18112036,2484367,Success,
20,30791198,2485604,2061390,7696313,668175,736946,3231250,670094,18208836,2413778,Success,
21,30306744,2429345,2031517,7641656,610493,823856,3154264,671225,18244455,2379921,Success,
22,30596832,2526660,2058199,7652257,648857,736418,3106074,665367,19121778,2382999,Success,
23,30370466,2436289,1996559,7846606,636608,752808,3162808,684598,18009553,2392949,Success,
24,30414239,2500593,2024346,8155036,713365,826092,3220940,684132,18893125,2484909,Success,
25,30177924,2468024,2010654,7719565,639410,749005,3249328,686498,17690620,2385093,Success,
26,30721214,2425904,2024302,7758914,636481,735189,3223801,675583,17861288,2449969,Success,
27,30586283,2463893,2042925,7937958,699258,734746,3218900,701338,17764930,2614623,Success,
28,30568516,2506279,2042340,8000886,684588,736904,3139282,683843,17619292,2483498,Success,
29,30981821,2397096,2031162,8031555,619039,751922,3335265,680033,18039999,2344927,Success,
30,31036833,2461739,2048566,7652897,671862,750074,3251255,685509,18066007,2389775,Success,
31,30328747,2451208,1984650,7708599,638657,829265,3165355,656096,18500961,2530266,Success,
32,30991458,2494189,2032804,7700025,612103,768879,3159686,666430,17959947,2409962,Success,
33,32295746,2495610,2075212,7634871,618817,732691,3137779,665366,18060478,2379714,Success,
34,30625451,2444178,2039226,7625015,664898,772414,3132744,670080,18777350,2501709,Success,
35,30429982,2460819,1983579,8054794,652655,737435,3166743,686806,18076683,2354197,Success,
36,31197931,2482558,2063049,7876078,632626,731679,3118387,675480,17971254,2496300,Success,
37,31035894,2552483,2054436,7485795,648028,738900,3137814,669843,18870593,2520181,Success,
38,30707232,2569675,2038042,7846284,699836,755312,3174758,671949,17962126,2498490,Success,
39,30651480,2528387,2051627,7797910,624653,729909,3131053,659453,18017487,2594729,Success,
40,30704548,2519441,2052720,7792066,690458,738449,3164453,697345,18073515,2457474,Success,
41,30300994,2462376,2099335,7408750,589306,741383,3179223,682074,18017467,2390587,Success,
42,30782871,2473980,2048946,7553581,581348,782697,3160236,671378,17805526,2354574,Success,
43,30445734,2423998,1981278,7924325,704711,750955,3248017,684185,18827609,2415530,Success,
44,30385973,2571694,1971217,8087429,659540,798045,3263966,655449,18088412,2421852,Success,
45,30397375,2410042,2036649,8166240,738447,778918,3193695,658711,17609795,2411199,Success,
46,31049677,2580166,2035055,7849902,623847,735272,3206377,682879,18529963,2408609,Success,
47,30491584,2398402,1987241,8091254,696001,782946,3247622,685113,18057061,2489035,Success,
48,31037307,2505838,2036029,7542207,587440,740540,3168906,671038,18129025,2400186,Success,
49,30900804,2409461,2044237,7522031,592702,765264,3251018,693529,19030674,2504549,Success,
50,30714841,2484893,2080714,7754466,666497,758402,3108923,672093,17944621,2370978,Success,
51,30736997,2411966,2064390,7775408,660308,734151,3228303,670616,17934401,2592331,Success,
52,30535621,2526812,2107453,7626527,684584,764487,3119041,673653,17914358,2347960,Success,
53,30723682,2411010,2044789,7595088,663345,748873,3128922,670956,18329329,2410536,Success,
54,30436870,2403199,1975711,7857940,619283,729921,3222356,649615,18635117,2400902,Success,
55,31000394,2408986,2049797,7789472,675933,752821,3256451,690403,18254535,2604743,Success,
56,30547498,2411075,2034751,7701608,715888,734117,3225256,698238,18146257,2543131,Success,
57,31201018,2385630,2066094,8075890,707057,733516,3271189,653630,17937767,2437687,Success,
58,31111624,2474110,2031445,7482966,572164,737210,3243812,688251,18278290,2378745,Success,
59,31090608,2371347,2051516,7427159,628243,742699,3114239,671790,17890142,2364619,Success,
60,30846575,2348964,2044129,7548552,623362,803307,3187016,669437,18210854,2549162,Success,
61,30862311,2533375,2041196,7480117,590322,751613,3254937,690457,18221448,2373970,Success,
62,30482696,2466559,2010643,7936054,602763,795768,3309848,677479,18025496,2363941,Success,
63,30442441,2441954,2031499,8102242,644827,731036,3232795,661493,17883449,2612878,Success,
64,31088353,2460073,2049384,7548199,669491,752400,3253495,688633,17901174,2396394,Success,
65,30673081,2360788,2085629,7583206,669765,736855,3202499,686945,18039209,2407054,Success,
66,30746670,2494812,2051304,8205121,689559,727139,3186679,675312,17469349,2394460,Success,
67,31006418,2463232,2079529,8243872,721876,745273,3275663,650747,17827359,2403400,Success,
68,30454612,2428839,2076322,8105076,742306,759419,3191766,696762,17406825,2421031,Success,
69,31050451,2552369,2032455,7912011,648910,727677,3241240,686325,18185826,2587530,Success,
70,30898324,2444259,2042877,7694439,672170,830924,3257128,690214,18376870,2360461,Success,
71,30525106,2444081,1980000,7665465,629115,756326,3163935,656762,17491980,2636816,Success,
72,30875944,2544431,2047914,7696247,629547,739830,3177099,672136,18335978,2350861,Success,
73,30521990,2497587,2016896,8067731,618017,729306,3233103,660885,17977401,2659167,Success,
74,30432421,2590505,2017329,8101508,681969,734259,3256279,682985,17924597,2573712,Success,
75,30505473,2423145,1968501,8040206,688357,737696,3207757,648012,17922124,2384884,Success,
76,31193578,2339465,2031976,7924313,612627,869388,3250005,682082,18024770,2375311,Success,
77,30463148,2411704,1976097,8027793,635661,729077,3236641,683948,18611004,2446455,Success,
78,30106912,2401248,1968633,7656604,622241,772473,3259154,700715,18086746,2322538,Success,
79,30712780,2556861,2042165,7661168,669757,739802,3176119,672319,17930047,2474075,Success,
80,30302678,2358821,1977293,8076720,619301,773420,3231636,688310,18058062,2617764,Success,
81,30487396,2452046,2003554,8066120,635176,764754,3220347,650112,18181461,2401549,Success,
82,31065796,2504897,2069065,7825727,608955,736661,3243190,698036,18129615,2597401,Success,
83,30467582,2445919,1979440,8009835,655201,749392,3146502,671563,17680638,2373441,Success,
84,30416555,2481902,1975851,8419597,661634,777030,3196514,685175,17920063,2442618,Success,
85,31038008,2490546,2033387,7696855,578894,732110,3177188,666394,18191460,2432892,Success,
86,31084440,2447743,2040652,7500369,636781,768475,3254942,691924,17484261,2323577,Success,
87,30616399,2395374,1989483,8092486,645888,737473,3262196,650877,18210313,2393156,Success,
88,30823834,2480841,2029136,7338207,635737,762514,3254671,690706,17965313,2386965,Success,
89,30843369,2502282,2073980,7656376,707211,795153,3157615,679734,18052588,2471058,Success,
90,32788032,2507406,2064185,7923598,655848,803695,3233334,696857,17740073,2341650,Success,
91,30970788,2522025,2017882,8149677,624218,755744,3240706,686364,18868328,2389973,Success,
92,30533988,2372773,1981108,8231092,681713,739693,3183195,687891,17569301,2436178,Success,
93,30476825,2422546,2089482,8065615,708945,782456,3217254,678536,18777249,2434522,Success,
94,30438787,2486537,1967909,8075507,672759,738070,3254632,686021,17781486,2400076,Success,
95,31289091,2444356,2035343,7951929,621653,742932,3246501,687900,17933070,2385036,Success,
96,30590402,2401886,1977560,8083797,650304,757517,3195381,688108,18896257,2379638,Success,
97,31062637,2377112,2036879,7547690,639832,792978,3250386,689412,17921547,2323967,Success,
98,30798353,2489207,2048870,7549876,629303,765381,3160556,672076,18153936,2342546,Success,
99,30804959,2383557,2049195,7722035,646959,752841,3252353,692339,18330775,2398552,Success,
