2,33554432,1226873946
4,67108864,1348440428
8,67108864,2146234987
16,134217728,3941873923
2,67108864,687427544
4,134217728,1624817546
8,67108864,1950930837
16,134217728,3640957528
2,67108864,671092324
4,67108864,1156035652
8,134217728,2049012655
16,67108864,3456863333
2,67108864,759949308
4,67108864,1070727628
8,67108864,1858994646
16,268435456,6296187843
2,67108864,766553329
4,134217728,1261659962
8,67108864,1866905581
16,67108864,3537402636
2,67108864,673679130
4,67108864,1067294891
8,67108864,1863885101
16,67108864,3631260127
2,67108864,676106458
4,67108864,1070116099
8,67108864,1953085916
16,67108864,3702239342
2,67108864,762006067
4,67108864,1074761238
8,268435456,3372967843
16,67108864,3444955770
2,134217728,862942804
4,67108864,1160094665
8,67108864,1954453296
16,67108864,3628778882
2,33554432,852622931
4,67108864,1158563545
8,67108864,2213035158
16,67108864,3544080553
2,67108864,673289805
4,67108864,1072997824
8,67108864,2039469130
16,134217728,3464207373
2,67108864,686095518
4,67108864,1071004850
8,134217728,2231334205
16,134217728,3830516209
32,67108864,6735995259
2,67108864,675213476
4,134217728,1447451799
8,134217728,2240144404
16,67108864,3541820277
32,67108864,6717429874
2,67108864,759805095
4,67108864,1070198670
8,67108864,1862083709
16,134217728,5106053607
32,67108864,6971723006
2,67108864,851478759
4,134217728,1443910952
8,67108864,1954295467
16,67108864,3544438496
32,67108864,6813144285
2,67108864,673154780
4,67108864,1244176392
8,134217728,2958939313
16,134217728,4919020525
32,134217728,7740937787
2,67108864,675318489
4,67108864,1069629779
8,67108864,2043392617
16,67108864,3802800284
32,134217728,12105507438
2,67108864,672417337
4,67108864,1326031308
8,67108864,1954951876
16,67108864,3628964455
32,134217728,7300868790
2,67108864,893050371
4,67108864,1301576174
8,67108864,2316932459
16,67108864,4382178302
32,134217728,7898704397
2,16777216,785256697
4,67108864,1482304051
8,67108864,2210615381
16,67108864,4102238316
32,67108864,8074941701
2,16777216,777145951
4,67108864,1378331998
8,67108864,2413298598
16,134217728,5280413494
32,268435456,9610122496
2,67108864,685887574
4,67108864,1407180175
8,134217728,3252666082
16,67108864,4100490131
32,536870912,4688106999
2,16777216,746843128
4,67108864,1195551323
8,67108864,2397234944
16,536870912,2701954501
32,67108864,7933015882
2,67108864,763373047
4,67108864,1166772577
8,67108864,2750974222
16,67108864,5179312302
32,67108864,10156625195
2,67108864,999247305
4,67108864,1844550903
8,536870912,2034298846
16,67108864,5049813190
32,67108864,10003731573
2,67108864,1248283264
4,67108864,1733715409
8,67108864,2893404218
16,67108864,5249575706
32,536870912,11819165749
2,67108864,772841347
4,67108864,1064921830
8,67108864,1867101662
16,67108864,3621026406
32,134217728,8087235520
2,67108864,850142046
4,67108864,1505498597
8,67108864,1951390479
16,67108864,3707314701
32,67108864,6636378297
2,33554432,762692111
4,536870912,924745682
8,67108864,1956976158
16,67108864,3542889114
32,268435456,8142278810
2,67108864,851271196
4,67108864,1074764482
8,67108864,1872935424
16,67108864,3554826370
32,67108864,6628984628
2,67108864,761292200
4,67108864,1155675103
8,67108864,1958315251
16,268435456,5493423016
32,67108864,6630130765
